+ Show, 4066 bytes from the file: pGalaxyBytesOrg.bin
00000010 
00000000 
00000010 
11111111 
00000010 
11111110 
00000001 
11111110 
00000000 
11111110 
11111111 
11111110 
11111110 
11111110 
11111110 
11111111 
11111110 
00000000 
11111110 
00000001 
11111110 
00000010 
11111111 
00000010 
00000000 
00000010 
00000001 
00000010 
00000010 
00000010 
00000010 
00000001 
11111111 
11111111 
11111111 
11111111 
11111111 
11111111 
11111111 
11111111 
00000000 
00000000 
00000000 
00000000 
11111111 
11111111 
11111111 
11111111 
00000000 
00000000 
00000000 
00000000 
11111111 
11111111 
11111111 
11111111 
11111111 
11111111 
11111111 
11111111 
11111111 
11111111 
11111111 
11111111 
00000000 
00000000 
00000000 
00000000 
00000000 
00000000 
00000000 
00000000 
00000000 
00000000 
00000000 
00000000 
00000000 
00000000 
00000000 
00000000 
00000000 
00000000 
00000000 
00000000 
00000000 
00000000 
00000000 
00000000 
00000000 
00000000 
00000000 
00000000 
00000000 
00000000 
00000000 
00000000 
00000000 
00000000 
00000000 
00000000 
00000000 
11111111 
11111111 
11111111 
11111111 
11111111 
11111111 
11111111 
11111111 
11111111 
11111111 
11111111 
11111111 
11111111 
11111111 
11111111 
11111111 
11111111 
11111111 
11111111 
11111111 
11111111 
11111111 
11111111 
11111111 
11111111 
11111111 
11111111 
00001101 
00001010 
00110001 
00100000 
00100000 
00100000 
00100000 
00100000 
00110001 
00100000 
00100000 
00100000 
00100000 
00100000 
00110001 
00100000 
00100000 
00100000 
00100000 
00100000 
00110001 
00100000 
00100000 
00100000 
00100000 
00100000 
00110001 
00100000 
00100000 
00100000 
00100000 
00100000 
00110001 
00100000 
00100000 
00100000 
00100000 
00100000 
00110001 
00100000 
00100000 
00100000 
00100000 
00100000 
00110001 
00100000 
00100000 
00100000 
00100000 
00100000 
00110001 
11111111 
11111111 
11111111 
11111111 
11111111 
11111111 
11111111 
11111111 
11111111 
11111111 
11111111 
11111111 
11111111 
11111111 
11111111 
11111111 
11111111 
11111111 
11111111 
11111111 
11111111 
11111111 
11111111 
11111111 
11111111 
11111111 
11111111 
11111111 
11111111 
11111111 
11111111 
11111111 
11111111 
11111111 
11111111 
11111111 
11111111 
11111111 
11111111 
11111111 
11111111 
11111111 
11111111 
11111111 
11111111 
11111111 
11111111 
11111111 
11111111 
11111111 
11111111 
11111111 
11111111 
11111111 
11111111 
11111111 
11111111 
11111111 
11111111 
11111111 
11111111 
11111111 
11111111 
11111111 
11111111 
11111111 
11111111 
11111111 
11111111 
11111111 
11111111 
11111111 
11111111 
11111111 
11111111 
11111111 
11111111 
00001101 
00001010 
01000100 
01001111 
00100000 
01011001 
01001111 
01010101 
00100000 
01010111 
01000001 
01001110 
01010100 
00100000 
01010100 
01001111 
00100000 
01000111 
01001111 
00100000 
01001111 
01001110 
00100000 
01000001 
00100000 
01010011 
01010000 
01000001 
01000011 
01000101 
00100000 
01010110 
01001111 
01011001 
01000001 
01000111 
01000101 
00111111 
00100000 
00000000 
00001101 
00001010 
01011001 
01001111 
01010101 
00100000 
01001101 
01010101 
01010011 
01010100 
00100000 
01000100 
01000101 
01010011 
01010100 
01010010 
01001111 
01011001 
00100000 
00100000 
00100000 
00100000 
01000001 
01001100 
01001001 
01000101 
01001110 
00100000 
01010011 
01001000 
01001001 
01010000 
01010011 
00100000 
01001001 
01001110 
00100000 
00100000 
00100000 
00100000 
01010011 
01010100 
01000001 
01010010 
01000100 
01000001 
01010100 
01000101 
01010011 
00100000 
01010111 
01001001 
01010100 
01001000 
00100000 
00100000 
00100000 
01010011 
01010000 
01000001 
01000011 
01000101 
00100000 
01010011 
01010100 
01000001 
01010100 
01001001 
01001111 
01001110 
01010011 
00000000 
00001101 
00001010 
00100000 
00101101 
00110001 
00101101 
00101101 
00110010 
00101101 
00101101 
00110011 
00101101 
00101101 
00110100 
00101101 
00101101 
00110101 
00101101 
00101101 
00110110 
00101101 
00101101 
00110111 
00101101 
00101101 
00111000 
00101101 
00000000 
00001101 
00001010 
00110000 
00100000 
00100000 
00100000 
00100000 
00100000 
00100000 
00100000 
00100000 
00100000 
00100000 
00100000 
00100000 
00100000 
00100000 
00100000 
00100000 
00100000 
00100000 
00100000 
00100000 
00100000 
00100000 
00100000 
00100000 
00000000 
00100000 
01010011 
01010100 
01000001 
01010010 
01000100 
01000001 
01010100 
01000101 
00100000 
00100000 
00110011 
00110000 
00110000 
00110000 
00000000 
00100000 
01000011 
01001111 
01001110 
01000100 
01001001 
01010100 
01001001 
01001111 
01001110 
00100000 
01000111 
01010010 
01000101 
01000101 
01001110 
00000000 
00100000 
01010001 
01010101 
01000001 
01000100 
01010010 
01000001 
01001110 
01010100 
00100000 
00100000 
00100000 
00100000 
00100000 
00000000 
00100000 
01010011 
01000101 
01000011 
01010100 
01001111 
01010010 
00100000 
00100000 
00100000 
00100000 
00100000 
00100000 
00100000 
00000000 
00100000 
01000101 
01001110 
01000101 
01010010 
01000111 
01011001 
00100000 
00100000 
00100000 
00100000 
00100000 
00100000 
00100000 
00100000 
00000000 
00100000 
01010100 
01001111 
01010010 
01010000 
01000101 
01000100 
01001111 
01000101 
01010011 
00100000 
00100000 
00100000 
00000000 
00100000 
01010011 
01001000 
01001001 
01000101 
01001100 
01000100 
01010011 
00100000 
00100000 
00100000 
00100000 
00100000 
00100000 
00100000 
00000000 
00001101 
00001010 
01000011 
01001111 
01001101 
01001101 
01000001 
01001110 
01000100 
00111111 
00000000 
00001101 
00001010 
01000011 
01001111 
01010101 
01010010 
01010011 
01000101 
00100000 
00101000 
00110001 
00101101 
00111000 
00101110 
00110101 
00101001 
00111111 
00100000 
00000000 
00001101 
00001010 
01010111 
01000001 
01010010 
01010000 
00100000 
01000110 
01000001 
01000011 
01010100 
01001111 
01010010 
00100000 
00101000 
00110000 
00101110 
00110001 
00101101 
00110111 
00101110 
00110111 
00101001 
00111111 
00100000 
00000000 
00001101 
00001010 
01001100 
00101110 
01010010 
00101110 
00100000 
01010011 
01000011 
01000001 
01001110 
00100000 
01000110 
01001111 
01010010 
00000000 
00001101 
00001010 
01001101 
01001001 
01010011 
01010011 
01001001 
01001111 
01001110 
00100000 
01000110 
01000001 
01001001 
01001100 
01000101 
01000100 
00101100 
00100000 
01011001 
01001111 
01010101 
00100000 
01001000 
01000001 
01010110 
01000101 
00100000 
01010010 
01010101 
01001110 
00100000 
01001111 
01010101 
01010100 
00001001 
01001111 
01000110 
00100000 
01010011 
01010100 
01000001 
01010010 
01000100 
01000001 
01010100 
01000101 
01010011 
00000000 
00001101 
00001010 
01001011 
01000001 
00101101 
01000010 
01001111 
01001111 
01001101 
00101100 
00100000 
01011001 
01001111 
01010101 
00100000 
01000011 
01010010 
01000001 
01010011 
01001000 
01000101 
01000100 
00100000 
01001001 
01001110 
01010100 
01001111 
00100000 
01000001 
00100000 
01010011 
01010100 
01000001 
01010010 
00101110 
00100000 
01011001 
01001111 
01010101 
01010010 
00100000 
01010011 
01001000 
01001001 
01010000 
00100000 
01001001 
01010011 
00100000 
01000100 
01000101 
01010011 
01010100 
01010010 
01001111 
01011001 
01000101 
01000100 
00000000 
00001101 
00001010 
01011001 
01001111 
01010101 
00100000 
01001101 
01001111 
01010110 
01000101 
01000100 
00100000 
01001111 
01010101 
01010100 
00001001 
01001111 
01000110 
00100000 
01010100 
01001000 
01000101 
00100000 
01000111 
01000001 
01001100 
01000001 
01011000 
01011001 
00101100 
00100000 
01011001 
01001111 
01010101 
01010010 
00100000 
01010011 
01001000 
01001001 
01010000 
00100000 
01001001 
01010011 
00100000 
01001100 
01001111 
01010011 
01010100 
00101110 
00101110 
01001100 
01001111 
01010011 
01010100 
00000000 
00001101 
00001010 
01001100 
01001111 
01010011 
01010011 
00100000 
01001111 
01000110 
00100000 
01000101 
01001110 
01000101 
01010010 
01000111 
01011001 
00100000 
00100000 
00100000 
00100000 
00100000 
00000000 
00001101 
00001010 
01000100 
01000001 
01001110 
01000111 
01000101 
01010010 
00101101 
01010011 
01001000 
01001001 
01000101 
01001100 
01000100 
00100000 
01000101 
01001110 
01000101 
01010010 
01000111 
01011001 
00100000 
00110000 
00110000 
00110000 
00000000 
00001101 
00001010 
01010011 
01001000 
01001001 
01000101 
01001100 
01000100 
00100000 
01000101 
01001110 
01000101 
01010010 
01000111 
01011001 
00100000 
01010100 
01010010 
01000001 
01001110 
01010011 
01000110 
01000101 
01010010 
00100000 
00111101 
00100000 
00000000 
00001101 
00001010 
01001110 
01001111 
01010100 
00100000 
01000101 
01001110 
01001111 
01010101 
01000111 
01001000 
00100000 
01000101 
01001110 
01000101 
01010010 
01000111 
01011001 
00000000 
00001101 
00001010 
01010100 
01001111 
01010010 
01010000 
01000101 
01000100 
01001111 
00100000 
01010100 
01010010 
01000001 
01001010 
01000101 
01000011 
01010100 
01001111 
01010010 
01011001 
00101000 
00110001 
00101101 
00111000 
00101110 
00110101 
00101001 
00100000 
00111010 
00100000 
00000000 
00001101 
00001010 
01000001 
01001100 
01001001 
01000101 
01001110 
00100000 
01010011 
01001000 
01001001 
01010000 
00100000 
01000100 
01000101 
01010011 
01010100 
01010010 
01001111 
01011001 
01000101 
01000100 
00000000 
00001101 
00001010 
01011001 
01001111 
01010101 
00100000 
01001101 
01001001 
01010011 
01010011 
01000101 
01000100 
00100001 
00100000 
01000001 
01001100 
01001001 
01000101 
01001110 
00100000 
01010011 
01001000 
01001001 
01010000 
00100000 
01010010 
01000101 
01010100 
01000001 
01001100 
01001001 
01000001 
01010100 
01000101 
01010011 
00000000 
00001101 
00001010 
01010011 
01010000 
01000001 
01000011 
01000101 
00100000 
01010011 
01010100 
01000001 
01010100 
01001001 
01001111 
01001110 
00100000 
01000100 
01000101 
01010011 
01010100 
01010010 
01001111 
01011001 
01000101 
01000100 
00000000 
00001101 
00001010 
01000011 
01001111 
01001110 
01000111 
01010010 
01000001 
01010100 
01010101 
01001100 
01000001 
01010100 
01001001 
01001111 
01001110 
01010011 
00101100 
00100000 
01011001 
01001111 
01010101 
00100000 
01001000 
01000001 
01010110 
01000101 
00100000 
01000101 
01001100 
01001001 
01001101 
01001001 
01001110 
01000001 
01010100 
01000101 
01000100 
00100000 
01000001 
01001100 
01001100 
00100000 
01001111 
01000110 
00100000 
01010100 
01001000 
01000101 
00100000 
01000001 
01001100 
01001001 
01000101 
01001110 
00100000 
01010011 
01001000 
01001001 
01010000 
01010011 
00000000 
00001101 
00001010 
01010100 
01010010 
01000001 
01000011 
01001011 
01001001 
01001110 
01000111 
00111010 
00100000 
00100000 
00100000 
00100000 
00000000 
00001101 
00001010 
01000111 
01000001 
01001100 
01000001 
01011000 
01011001 
00100000 
01000100 
01001001 
01010011 
01010000 
01001100 
01000001 
01011001 
00000000 
00001101 
00001010 
01010000 
01001000 
01000001 
01010011 
01001111 
01010010 
00100000 
01000101 
01001110 
01000101 
01010010 
01000111 
01011001 
00100000 
01010100 
01001111 
00100000 
01000110 
01001001 
01010010 
01000101 
00100000 
00111101 
00100000 
00000000 
00001101 
00001010 
01000001 
01001100 
01001001 
01000101 
01001110 
00100000 
01010011 
01001000 
01001001 
01010000 
00100000 
01000001 
01010100 
00100000 
01010011 
01000101 
01000011 
01010100 
01001111 
01010010 
00100000 
00100000 
00101100 
00100000 
00111010 
00100000 
00000000 
01000101 
01001110 
01000101 
01010010 
01000111 
01011001 
00100000 
00111101 
00100000 
00100000 
00100000 
00100000 
00100000 
00000000 
00001101 
00001010 
01001110 
01001111 
00100000 
01000001 
01001100 
01001001 
01000101 
01001110 
00100000 
01010011 
01001000 
01001001 
01010000 
01010011 
00100001 
00100000 
01010111 
01000001 
01010011 
01010100 
01000101 
01000100 
00100000 
01010011 
01001000 
01001111 
01010100 
00000000 
00001101 
00001010 
01000001 
01000010 
01000001 
01001110 
01000100 
01001111 
01001110 
00100000 
01010011 
01001000 
01001001 
01010000 
00100001 
00100000 
01001110 
01001111 
00100000 
01000101 
01001110 
01000101 
01010010 
01000111 
01011001 
00100000 
01001100 
01000101 
01000110 
01010100 
00000000 
00001101 
00001010 
01001110 
01001111 
00100000 
01010100 
01001111 
01010010 
01010000 
01000101 
01000100 
01001111 
01000101 
01010011 
00000000 
00001101 
00001010 
00110001 
00100000 
00100000 
00100000 
00100000 
00100000 
00110001 
00100000 
00100000 
00100000 
00100000 
00100000 
00110001 
00100000 
00100000 
00100000 
00100000 
00100000 
00110001 
00000000 
00001101 
00001010 
01001100 
01000001 
01010011 
01010100 
00000000 
00001101 
00001010 
01000011 
01001000 
01001001 
01000011 
01001011 
01000101 
01001110 
00100001 
00000000 
11111111 
11111111 
11111111 
11111111 
11111111 
11111111 
11111111 
11111111 
11111111 
11111111 
11111111 
11111111 
11111111 
11111111 
11111111 
11111111 
11111111 
11111111 
11111111 
01111110 
10100111 
11001000 
11001101 
10001111 
00001111 
00100011 
11000011 
00000000 
00000101 
00100001 
01000000 
00000000 
01111110 
01000111 
00000111 
10101000 
00001111 
00101100 
00110100 
10000110 
00101101 
01110111 
11001001 
00011110 
11110111 
11000011 
00100100 
00000101 
00011110 
00001000 
11000011 
00110010 
00000101 
00011110 
11001111 
11001101 
00001010 
00000101 
11110110 
11000000 
01101111 
01111011 
10100110 
01110111 
11000011 
11010011 
00001001 
00011110 
00010000 
11001101 
00001010 
00000101 
11110110 
11000000 
01101111 
01111011 
10110110 
01110111 
11000011 
11010011 
00001001 
01111110 
11000110 
00110000 
00100011 
11101011 
01110111 
00101011 
00000101 
11001000 
11101011 
11000011 
00111110 
00000101 
11101011 
00100001 
01100000 
00000000 
01110100 
00101100 
01110100 
00101100 
01110100 
00101100 
01110100 
00101100 
01110100 
11101011 
01011110 
00000101 
11001010 
01100000 
00000101 
00101100 
01010110 
00100001 
01100100 
00000000 
00000001 
00010000 
00100111 
11001101 
10000000 
00000101 
00101101 
00000001 
11101000 
00000011 
11001101 
10000000 
00000101 
00101101 
00000001 
01100100 
00000000 
11001101 
10000000 
00000101 
00101101 
00001110 
00001010 
11001101 
10000000 
00000101 
00101101 
01110011 
11001001 
00110100 
01111011 
10010001 
01011111 
01111010 
10011000 
01010111 
11010010 
10000000 
00000101 
01111011 
10000001 
01011111 
01111010 
10001000 
01010111 
00110101 
11001001 
00101110 
01001111 
00110110 
10001000 
00101100 
00110110 
00001011 
00101100 
01110100 
00101100 
01110100 
00101110 
01011010 
00110110 
00001010 
11001001 
00001111 
00001111 
00001111 
00001111 
11001001 
11001101 
00001010 
00000101 
11100110 
00111111 
01000111 
11001101 
01100010 
00000111 
11001010 
10100111 
00000101 
01101011 
01110000 
00011100 
00001101 
11000010 
10100111 
00000101 
11001001 
00100001 
10001111 
00000001 
00110110 
00100000 
00101100 
00111110 
10100111 
10111101 
11000010 
10111110 
00000101 
01111001 
11000110 
10110000 
00100001 
10001110 
00000001 
01110111 
00001101 
00100001 
01000011 
00000000 
11001101 
00100101 
00000110 
11000010 
11100000 
00000101 
00110110 
00111100 
00101100 
00110110 
00101010 
00101100 
00110110 
00111110 
00101110 
01000100 
00100110 
00000000 
11001101 
00100101 
00000110 
11000010 
11101110 
00000101 
00101100 
00110110 
00101010 
01101011 
00101100 
00111110 
01001011 
10111101 
11000010 
11100010 
00000101 
00100110 
00000000 
11001101 
00100101 
00000110 
11000010 
00000101 
00000110 
00110110 
00111110 
00101100 
00110110 
00110001 
00101100 
00110110 
00111100 
00101110 
01001100 
00100110 
00000000 
11001101 
00100101 
00000110 
11000010 
00011000 
00000110 
00110110 
00101011 
00101100 
00110110 
00101011 
00101100 
00110110 
00101011 
01101011 
00101100 
00111110 
01001111 
10111101 
11000010 
00000111 
00000110 
00100001 
10001100 
00000001 
11000011 
00000111 
00001000 
01111110 
10100111 
11111000 
11001101 
10100011 
00000101 
11100110 
00000111 
10111001 
11000000 
01111110 
11100110 
00000111 
01000111 
00000111 
10000000 
11000110 
10001111 
01011101 
01101111 
00100110 
00000001 
10101111 
10100111 
11001001 
00110110 
01010010 
00101100 
00110110 
01000101 
00101100 
00110110 
01000100 
00101100 
00110110 
00000000 
11000011 
10010111 
00001010 
00100001 
01011001 
00000000 
00010001 
11010100 
00000001 
11001101 
01011011 
00000110 
00100001 
11001001 
00000001 
11000011 
00000000 
00000101 
01111110 
01000111 
11101011 
11001101 
10100011 
00000101 
11100110 
00000111 
11000110 
00110001 
01110111 
01111000 
11100110 
00000111 
11000110 
00110001 
00100011 
00100011 
01110111 
11001001 
01111110 
11111110 
00110000 
11111000 
11010110 
00111010 
11000110 
10000000 
11001001 
00100110 
00010011 
00111110 
00001101 
11001101 
10001111 
00001111 
00111110 
00001010 
11001101 
10001111 
00001111 
00111110 
00101101 
11001101 
10001111 
00001111 
00100101 
11000010 
10000100 
00000110 
11001001 
11000110 
11000000 
01000111 
11100110 
00000111 
11001010 
11100011 
00000110 
01111000 
11010110 
00000001 
01101111 
01111110 
00100001 
11001001 
00000100 
11001101 
11000110 
00000110 
01101000 
00100110 
00000000 
01111110 
00100001 
11001111 
00000100 
11001101 
11000110 
00000110 
01111000 
11100110 
00000111 
11111110 
00000111 
11001010 
11100111 
00000110 
01111000 
11000110 
00000001 
01101111 
00100110 
00000000 
01111110 
00100001 
11010101 
00000100 
11001101 
11000110 
00000110 
00100001 
11000101 
00000100 
11000011 
00000000 
00000101 
00100110 
00000100 
01001111 
11001101 
10100010 
00000101 
11100110 
00000011 
11110110 
00110000 
01110111 
00100011 
01111001 
11001101 
10100011 
00000101 
11100110 
00000001 
11110110 
00110000 
01110111 
00100011 
01111001 
11100110 
00000111 
11110110 
00110000 
01110111 
11001001 
10101111 
11000011 
10011011 
00000110 
10101111 
11000011 
10111010 
00000110 
00101110 
01011110 
01111110 
00001111 
11100110 
00000111 
01000111 
00101100 
01111110 
00000111 
00000111 
11100110 
00111000 
10000000 
01000111 
11001001 
00100001 
01011101 
00000010 
11001101 
00000000 
00000101 
11000011 
10100011 
00001001 
00100001 
11001000 
00000010 
11000011 
11111110 
00000110 
00100001 
10001101 
00000010 
11000011 
11111110 
00000110 
00100001 
10010111 
00000100 
11000011 
11111110 
00000110 
00101110 
01000100 
00011110 
00001011 
00110110 
10000000 
00101100 
00011101 
11000010 
00011010 
00000111 
00101110 
01000010 
01111110 
11100110 
00000111 
01001111 
00011110 
01000100 
11000100 
10100111 
00000101 
00101110 
01000010 
01111110 
11001101 
10100011 
00000101 
11100110 
00000001 
01001111 
00011110 
01001011 
11000100 
10100111 
00000101 
00101110 
01000010 
01111110 
11001101 
10100010 
00000101 
11100110 
00000011 
01001111 
00011110 
01001100 
11000100 
10100111 
00000101 
11001101 
00001010 
00000101 
00101110 
01010011 
11001101 
01011010 
00000111 
00101110 
01010101 
11001101 
01011010 
00000111 
00101110 
01010111 
11000011 
01011010 
00000111 
01110111 
11100110 
00000011 
00101100 
01110111 
11000011 
00001010 
00000101 
00101110 
01000100 
01111110 
10100111 
11111010 
01110010 
00000111 
10111000 
11001000 
00101100 
00111110 
01001011 
10111101 
11000010 
01100100 
00000111 
00101110 
01001011 
01111110 
10111000 
11001000 
00101100 
01111110 
10111000 
11001000 
01111101 
11111110 
01001110 
11000010 
01110111 
00000111 
10100111 
11001001 
00101110 
00110010 
01110011 
00101100 
01110010 
00101101 
00000110 
00000010 
11001101 
01001011 
00000101 
00010001 
00010011 
00000011 
00000110 
00000100 
11001101 
00111110 
00000101 
00100001 
11111111 
00000010 
11001101 
00000111 
00001000 
00101110 
00110010 
01011110 
00101100 
01010110 
11001101 
10001011 
00001001 
11010010 
01111101 
00001001 
01011110 
00101100 
01010110 
11001101 
01111101 
00001001 
11001101 
01100100 
00001001 
00101110 
00110010 
01011110 
00101100 
01010110 
11001101 
10000010 
00001001 
11011010 
00010000 
00000111 
11001101 
01110011 
00001001 
00100001 
00010101 
00000011 
11001101 
00000111 
00001000 
00000110 
00000010 
11001101 
11100110 
00001000 
11001101 
10000010 
00001001 
11011010 
00010000 
00000111 
11000011 
01110011 
00001001 
11001101 
10000010 
00001001 
11010010 
01110011 
00001001 
01001011 
01000010 
00101110 
01010001 
01011110 
00101100 
01010110 
11001101 
01111101 
00001001 
11001101 
01100100 
00001001 
01011001 
01010000 
11000011 
10110101 
00000111 
00110110 
10000000 
01000101 
00101110 
01011001 
01111110 
11000110 
11000000 
01101111 
01111000 
11111110 
01001011 
11000010 
00001101 
00001000 
01111110 
11100110 
00110111 
01110111 
00101110 
01000010 
01110111 
00101110 
01011011 
00110101 
11000000 
00100001 
00010101 
00000011 
11001101 
00000000 
00000101 
00100110 
00000000 
11001001 
01111110 
11010110 
00010000 
01110111 
00101110 
01000010 
01110111 
00101110 
01011100 
00110101 
11000000 
00100001 
11010100 
00000011 
11000011 
11111110 
00000110 
11001101 
10001011 
00001111 
00100001 
01011110 
00000000 
11111110 
00110001 
11011010 
01001111 
00001000 
11111110 
00111001 
11010010 
01001111 
00001000 
11100110 
00001111 
00000111 
01110111 
00111110 
00101110 
11001101 
10001111 
00001111 
11001101 
10001011 
00001111 
11111110 
00110000 
11001010 
01000100 
00001000 
11111110 
00110101 
11000010 
01001111 
00001000 
11100110 
00000001 
10000110 
00000111 
11010110 
00000100 
01110111 
11000000 
11000110 
00000001 
11001001 
10101111 
11001001 
00100001 
01011001 
00000000 
01111110 
11000110 
11000000 
01101111 
01111110 
00101110 
01000010 
01110111 
11001001 
00101110 
01011110 
01101110 
01001110 
00101100 
01010110 
00101110 
01000011 
01111110 
01000111 
11100110 
00000111 
00101110 
01011110 
00000111 
01110111 
00101100 
01111000 
11100110 
00111000 
00001111 
00001111 
01110111 
11001001 
00101110 
00110000 
01110100 
00101110 
01011110 
01111110 
10000001 
01110111 
11110010 
10010000 
00001000 
11100110 
00001111 
01110111 
00101110 
00110000 
01110101 
00101110 
01011001 
01111110 
11100110 
00000111 
11001000 
00110101 
11000011 
10100110 
00001000 
11111110 
00010000 
11011010 
10100110 
00001000 
11100110 
00001111 
01110111 
00101110 
00110000 
01110101 
00101110 
01011001 
01111110 
11100110 
00000111 
11000110 
00000001 
11111110 
00001000 
11001000 
00110100 
00101110 
01011111 
01111110 
10000010 
01110111 
11110010 
11000001 
00001000 
11100110 
00001111 
01110111 
00101110 
00110000 
01110101 
00101110 
01011001 
01111110 
11100110 
00111000 
11001000 
01111110 
11010110 
00001000 
01110111 
11000011 
11011010 
00001000 
11111110 
00010000 
11011010 
11011010 
00001000 
11100110 
00001111 
01110111 
00101110 
00110000 
01110101 
00101110 
01011001 
01111110 
11100110 
00111000 
11000110 
00001000 
11111110 
01000000 
11001000 
01111110 
11000110 
00001000 
01110111 
00101110 
00101000 
01110011 
00101100 
01110010 
00101100 
01110001 
11000000 
00111110 
00000001 
10100111 
11001001 
10100111 
01111010 
00011111 
01010111 
01111011 
00011111 
01011111 
00000101 
11000010 
11100110 
00001000 
11001001 
11001101 
11010010 
00000111 
00100001 
01111001 
00000100 
11001101 
00000000 
00000101 
11000011 
00010000 
00001011 
00100001 
01100100 
00000000 
01110100 
00101110 
01100011 
11001101 
10001011 
00001111 
11111110 
00101101 
11000010 
00010010 
00001001 
00101100 
01110101 
00101101 
11001101 
10001011 
00001111 
01110111 
11001101 
01101111 
00000110 
11111000 
01111110 
11100110 
00001111 
01110111 
00101101 
00111110 
01011111 
10111101 
11001000 
11000011 
00001111 
00001001 
00101110 
01100000 
01111110 
00101101 
01110100 
00101101 
01110111 
00101110 
01100001 
01111110 
10100111 
11001010 
00111000 
00001001 
01000111 
00011110 
00001010 
01010100 
11001101 
01011010 
00001001 
00101110 
01100010 
01111110 
10100111 
11001010 
01000110 
00001001 
01000111 
00010001 
01100100 
00000000 
11001101 
01011010 
00001001 
00101110 
01100011 
01111110 
10100111 
11001010 
01010100 
00001001 
01000111 
00010001 
11101000 
00000011 
11001101 
01011010 
00001001 
00101110 
01011110 
01011110 
00101100 
01010110 
11001001 
00101110 
01011110 
11001101 
01100110 
00001001 
00000101 
11001000 
11000011 
01011010 
00001001 
00101110 
01001111 
01111110 
10000011 
01110111 
00101100 
01111110 
10001010 
01110111 
11001001 
00101110 
01010001 
11000011 
01100110 
00001001 
00101110 
01001111 
01111110 
10010011 
01110111 
00101100 
01111110 
10011010 
01110111 
11001001 
00101110 
01010001 
11000011 
01110101 
00001001 
00101110 
01010000 
01111110 
00101101 
10111010 
11000000 
01111110 
10111011 
11001001 
00101110 
01010010 
11000011 
10000100 
00001001 
00100001 
11100010 
00000100 
11001101 
00000000 
00000101 
01110110 
01111110 
11100110 
00000111 
01001111 
01111110 
11001101 
10100011 
00000101 
11100110 
00000111 
01000111 
11001001 
00110001 
10110111 
00001111 
11001101 
11011110 
00001111 
00100001 
00000000 
00000001 
11001101 
00000000 
00000101 
11001101 
00001010 
00000101 
11001101 
10000000 
00001111 
11110010 
10101111 
00001001 
11001101 
10001011 
00001111 
11111110 
01001110 
11001010 
10010000 
00001001 
00011110 
11000000 
11001101 
00001010 
00000101 
11100110 
01111111 
01101111 
00100110 
00001111 
01111110 
01101011 
00100110 
00000000 
01110111 
00011100 
11000010 
11000010 
00001001 
01010100 
01001100 
00101110 
11000000 
01111110 
11100110 
00001000 
10000010 
01010111 
01111110 
11100110 
00110000 
00001111 
00001111 
10000001 
01001111 
00101100 
11000010 
11010111 
00001001 
01111010 
00001111 
00001111 
00001111 
01010111 
11111110 
00000111 
11010010 
00011000 
00000101 
11111110 
00000010 
11011010 
00011101 
00000101 
01111001 
00001111 
00001111 
01001111 
11111110 
00100000 
11010010 
00100010 
00000101 
11111110 
00001010 
11011010 
00110000 
00000101 
00101110 
01011011 
01110010 
00101100 
01110001 
01111001 
11000110 
00000101 
00101100 
01110111 
00000110 
00000001 
11001101 
01001011 
00000101 
00010001 
01001110 
00000001 
00000110 
00000010 
11001101 
00111110 
00000101 
00100001 
01011100 
00000000 
00000110 
00000001 
11001101 
01001011 
00000101 
00010001 
00111100 
00000001 
00000110 
00000010 
11001101 
00111110 
00000101 
00100001 
01011011 
00000000 
01111110 
11110110 
10110000 
00100001 
01011111 
00000001 
01110111 
00100001 
00101000 
00000001 
11001101 
00000000 
00000101 
11001101 
00001010 
00000101 
11100110 
00111111 
00101110 
01011001 
01110111 
11001101 
01010001 
00001000 
11001101 
10010010 
00000101 
11001101 
00010110 
00000111 
00001110 
00000001 
00011110 
01000011 
11001101 
10100111 
00000101 
00100001 
01110000 
00000001 
11001101 
00000000 
00000101 
00001110 
00000001 
11001101 
10111011 
00000101 
00100001 
01011101 
00000000 
00111110 
00110010 
10010110 
00101100 
01110111 
00000110 
00000001 
11001101 
01001011 
00000101 
00010001 
10110110 
00000001 
00000110 
00000010 
11001101 
00111110 
00000101 
00100001 
10101000 
00000001 
11001101 
00000000 
00000101 
00001110 
00000010 
11001101 
10111011 
00000101 
00101110 
01000010 
01111110 
00100001 
11000011 
00000001 
11100110 
00110000 
11000010 
00111110 
00000110 
00110110 
01000111 
00101100 
00110110 
01010010 
00101100 
00110110 
01000101 
00101100 
00110110 
01000101 
00101100 
00110110 
01001110 
00100001 
10111000 
00000001 
11001101 
00000000 
00000101 
00001110 
00000011 
11001101 
10111011 
00000101 
11001101 
01001100 
00000110 
00001110 
00000100 
11001101 
10111011 
00000101 
00101110 
01000011 
00011110 
11100011 
00010100 
11001101 
01011011 
00000110 
00101110 
11011000 
11001101 
00000000 
00000101 
00001110 
00000101 
11001101 
10111011 
00000101 
00101110 
01001111 
00000110 
00000010 
11001101 
01001011 
00000101 
00010001 
11110101 
00000001 
00000110 
00000100 
11001101 
00111110 
00000101 
00100001 
11100111 
00000001 
11001101 
00000000 
00000101 
00001110 
00000110 
11001101 
10111011 
00000101 
00101110 
01011010 
00000110 
00000001 
11001101 
01001011 
00000101 
00010001 
00000011 
00000010 
00000110 
00000010 
11001101 
00111110 
00000101 
00100001 
11110111 
00000001 
11001101 
00000000 
00000101 
00001110 
00000111 
11001101 
10111011 
00000101 
00101110 
01010001 
00000110 
00000010 
11001101 
01001011 
00000101 
00010001 
00010011 
00000010 
00000110 
00000100 
11001101 
00111110 
00000101 
00100001 
00000101 
00000010 
11001101 
00000000 
00000101 
00001110 
00001000 
11001101 
10111011 
00000101 
00100001 
01110000 
00000001 
11001101 
00000000 
00000101 
00100110 
00000000 
00110001 
10110111 
00001111 
00011110 
00001010 
01010100 
11001101 
11010010 
00000111 
00101110 
01000001 
00110100 
00100001 
00010101 
00000010 
11001101 
00000111 
00001000 
11001101 
10001011 
00001111 
11111110 
00110000 
11001010 
10101010 
00001011 
11111110 
00110001 
11001010 
01010011 
00001010 
11111110 
00110010 
11001010 
01001101 
00001011 
11111110 
00110011 
11001010 
00111010 
00001110 
11111110 
00110100 
11001010 
10011011 
00001100 
11111110 
00110101 
11001010 
01101100 
00001101 
11111110 
00110110 
11001010 
11011000 
00001100 
11000011 
00011110 
00001011 
00100001 
01001101 
00000010 
11001101 
00000000 
00000101 
11001101 
01001100 
00000110 
11001101 
01111000 
00000110 
00101110 
01011001 
01111110 
11100110 
00111000 
11001010 
10000110 
00001011 
01111110 
11010110 
00001000 
11001101 
10001110 
00000110 
11001101 
01111000 
00000110 
00101110 
01011001 
01111110 
11001101 
10001110 
00000110 
11001101 
01111000 
00000110 
00101110 
01011001 
01111110 
11111110 
00111000 
11010010 
10001100 
00001011 
11000110 
00001000 
11001101 
10001110 
00000110 
11001101 
01111000 
00000110 
11000011 
00010000 
00001011 
11001101 
10010010 
00001011 
11000011 
01100111 
00001011 
11001101 
10010010 
00001011 
11000011 
10000000 
00001011 
00100001 
11001001 
00000100 
10101111 
11001101 
11000110 
00000110 
00100001 
11001111 
00000100 
10101111 
11001101 
11000110 
00000110 
00100001 
11010101 
00000100 
10101111 
11001101 
11000110 
00000110 
11000011 
11000000 
00000110 
00100001 
00100000 
00000010 
11001101 
00000000 
00000101 
11001101 
00011110 
00001000 
11001010 
10101010 
00001011 
00100001 
00110011 
00000010 
11001101 
00000111 
00001000 
00101110 
01011111 
11001101 
10001011 
00001111 
11111110 
00110000 
11011010 
10110110 
00001011 
11111110 
00111000 
11010010 
10110110 
00001011 
11100110 
00000111 
00000111 
00000111 
00000111 
01110111 
00111110 
00101110 
11001101 
10001111 
00001111 
11001101 
10001011 
00001111 
11111110 
00110000 
11011010 
10110110 
00001011 
11111110 
00111000 
11010010 
10110110 
00001011 
11100110 
00000111 
10000110 
11001010 
10110110 
00001011 
01011111 
11001101 
01011101 
00001000 
00101110 
00110001 
01110100 
11001101 
01110101 
00001000 
11001010 
00000100 
00000111 
00101110 
00110000 
01111110 
10100111 
11001010 
00001011 
00001100 
00101100 
01110101 
00011110 
00011001 
01010100 
11001101 
11010010 
00000111 
11001101 
01010001 
00001000 
11001101 
00010110 
00000111 
11001101 
11101011 
00000110 
11001101 
01100010 
00000111 
11000010 
00100101 
00001100 
01000101 
01111000 
11111110 
01001011 
00101110 
00110001 
01111110 
11001010 
01010010 
00001100 
11010010 
01100011 
00001100 
10100111 
11001010 
00001010 
00000111 
00100001 
00101000 
00000000 
01011110 
00101100 
01010110 
00101100 
01001110 
00011101 
11000010 
11110000 
00001011 
00101110 
00110001 
01111110 
10100111 
11001010 
01000000 
00001100 
00101110 
01011101 
01000110 
00000101 
11001010 
11111011 
00000110 
01110000 
11001101 
11101011 
00000110 
00101110 
01000011 
01110000 
11001101 
01100010 
00000111 
11001100 
01110001 
00001100 
11001101 
01110111 
00001100 
11000011 
01010011 
00001010 
10100111 
11000010 
00100101 
00001100 
01101000 
11001101 
11101010 
00000111 
00010001 
01011000 
00000010 
11001101 
10000011 
00000111 
11000011 
00100101 
00001100 
10100111 
11000010 
00100101 
00001100 
01101000 
11001101 
11101010 
00000111 
00010001 
11011100 
00000101 
11000011 
01011101 
00001100 
01011101 
00001110 
00000001 
11000011 
10100111 
00000101 
00101110 
01001011 
01111110 
10100111 
11111000 
01111000 
11100110 
00111000 
01001111 
01111000 
11100110 
00000111 
01000111 
01111110 
11100110 
00000111 
01011111 
01111110 
11100110 
00111000 
10111001 
11000000 
01111000 
11000110 
00000001 
10111011 
11001010 
10010010 
00000101 
11010110 
00000010 
10111011 
11000000 
11000011 
10010010 
00000101 
00100001 
00110000 
00000011 
11001101 
00000000 
00000101 
11001101 
11111110 
00001000 
11111010 
10011011 
00001100 
11001101 
00100011 
00001001 
00101110 
01100100 
01111110 
10100111 
11001010 
11000000 
00001100 
11001101 
10001011 
00001001 
11011010 
11001111 
00001100 
11001101 
01111101 
00001001 
11001101 
01100100 
00001001 
11000011 
00010000 
00001011 
11001101 
10000010 
00001001 
11011010 
11001111 
00001100 
11001101 
01110011 
00001001 
11001101 
01101110 
00001001 
11000011 
00010000 
00001011 
00100001 
01001100 
00000011 
11001101 
00000000 
00000101 
11000011 
00010000 
00001011 
00101110 
01011010 
01111110 
10100111 
11001010 
01100011 
00001101 
00011110 
11111010 
01010100 
11001101 
10000010 
00001001 
11011010 
11001111 
00001100 
11001101 
01110011 
00001001 
00101110 
01011010 
00110101 
00100001 
01100000 
00000011 
11001101 
00000000 
00000101 
11001101 
00011110 
00001000 
11001010 
11101110 
00001100 
11001101 
01011101 
00001000 
00101110 
01011001 
01111110 
00101110 
00101011 
01110111 
11001101 
01110101 
00001000 
11001010 
01001110 
00001101 
00101110 
00110000 
01111110 
10100111 
11000010 
01001110 
00001101 
11001101 
11101011 
00000110 
01001000 
00100001 
00011110 
00000100 
11001101 
01011110 
00000110 
00101110 
00010010 
11001101 
00000111 
00001000 
01000001 
11001101 
01100010 
00000111 
11001010 
00110000 
00001101 
00101110 
00101000 
01011110 
00101100 
01010110 
00101100 
01001110 
11000011 
00000011 
00001101 
01111101 
11111110 
01001011 
11011010 
01001110 
00001101 
11001010 
01000101 
00001101 
11001101 
11101010 
00000111 
00100001 
01111111 
00000011 
11001101 
00000000 
00000101 
11000011 
00010000 
00001011 
11001101 
11101010 
00000111 
00100001 
10111010 
00000011 
11001101 
00000000 
00000101 
00100001 
10010110 
00000011 
11001101 
00000111 
00001000 
00011110 
11001000 
01010100 
11001101 
10000011 
00000111 
00101110 
00101011 
01111110 
00101110 
01011001 
01110111 
11000011 
00010000 
00001011 
00100001 
10010110 
00000100 
11001101 
00000000 
00000101 
11000011 
00010000 
00001011 
00100001 
00110011 
00000100 
11001101 
00000000 
00000101 
11001101 
11111110 
00001000 
11111010 
01101100 
00001101 
11001101 
00100011 
00001001 
11001101 
11010010 
00000111 
00101110 
01000010 
01111110 
11100110 
00110000 
11001010 
11110010 
00001000 
11001101 
10100010 
00000101 
11010110 
00000001 
11001010 
10010010 
00001101 
01000111 
11001101 
11100110 
00001000 
00101110 
01011110 
01110011 
00101100 
01110010 
00101110 
00101000 
01110011 
00101100 
01110010 
00101100 
00110110 
01001100 
11001101 
10110011 
00001101 
00101110 
00101010 
00110110 
01001101 
11001101 
10110011 
00001101 
00101110 
00101010 
00110110 
01001110 
11001101 
10110011 
00001101 
11000011 
00010000 
00001011 
01101110 
01111110 
10100111 
11111000 
00010001 
01100101 
00000100 
11001101 
01011011 
00000110 
00101110 
01001110 
11001101 
00000111 
00001000 
00101110 
01000011 
11001101 
10010111 
00001001 
01101011 
01100010 
01011001 
01010000 
11001101 
10010111 
00001001 
01111000 
10010010 
11110010 
11010111 
00001101 
11101110 
11111111 
11000110 
00000001 
01000111 
01111001 
10010011 
11110010 
11100001 
00001101 
11101110 
11111111 
11000110 
00000001 
10000000 
00001111 
00001111 
11100110 
00000011 
01000111 
01001101 
00101110 
00101000 
01011110 
00101100 
01010110 
00000101 
00000100 
11000100 
11100110 
00001000 
01111001 
11100110 
00000011 
00000111 
11000110 
01010011 
00101110 
00101011 
01110111 
01101111 
11001101 
01110101 
00001001 
11111010 
00101110 
00001110 
11000010 
00001100 
00001110 
00101101 
01111110 
00101100 
10100111 
11001010 
00101110 
00001110 
00101101 
00000110 
00000010 
11001101 
01001011 
00000101 
00010001 
01110111 
00000100 
00000110 
00000100 
11001101 
00111110 
00000101 
00100001 
01101011 
00000100 
11001101 
00000111 
00001000 
00101110 
00101011 
01101110 
01011110 
00101100 
01010110 
00000110 
00000010 
11001101 
11100110 
00001000 
11000011 
10000011 
00000111 
00100001 
11001010 
00000011 
11001101 
00000111 
00001000 
00101110 
00101010 
01101110 
11000011 
11101010 
00000111 
00100001 
00100010 
00000100 
11001101 
00000000 
00000101 
00100110 
00110001 
11001101 
01111010 
00000110 
00101110 
11000000 
01010100 
00011110 
10000100 
01111110 
11101011 
11001101 
11001000 
00000110 
01111101 
11000110 
00000100 
01101111 
11101011 
00101100 
11111110 
10110100 
11000010 
01001010 
00001110 
11101011 
00101110 
10000000 
11001101 
00000000 
00000101 
00100110 
00110001 
11001101 
01111010 
00000110 
01111011 
10111100 
11001010 
00010000 
00001011 
11101011 
11000011 
01000111 
00001110 
11111111 
11111111 
11111111 
11111111 
11111111 
11111111 
11111111 
11111111 
11111111 
11111111 
11111111 
11111111 
11111111 
11111111 
11111111 
11111111 
11111111 
11111111 
11111111 
11111111 
11111111 
11111111 
11111111 
11111111 
11111111 
11111111 
11111111 
11111111 
11111111 
11111111 
11111111 
11111111 
11111111 
11111111 
11111111 
11111111 
11111111 
11111111 
11111111 
11111111 
11111111 
11111111 
11111111 
11111111 
11111111 
11111111 
11111111 
11111111 
11111111 
11111111 
11111111 
11111111 
11111111 
11111111 
11111111 
11111111 
11111111 
11111111 
11111111 
11111111 
11111111 
11111111 
11111111 
11111111 
11111111 
11111111 
11111111 
11111111 
11111111 
11111111 
11111111 
11111111 
11111111 
11111111 
11111111 
11111111 
11111111 
11111111 
11111111 
11111111 
11111111 
11111111 
11111111 
11111111 
11111111 
11111111 
11111111 
11111111 
11111111 
11111111 
11111111 
11111111 
11111111 
11111111 
11111111 
11111111 
11111111 
11111111 
11111111 
11111111 
11111111 
11111111 
11111111 
11111111 
11111111 
11111111 
11111111 
11111111 
11111111 
11111111 
11111111 
11111111 
11111111 
11111111 
11111111 
11111111 
11111111 
11111111 
11111111 
11111111 
11111111 
11111111 
11111111 
11111111 
11111111 
11111111 
11111111 
11111111 
11111111 
11111111 
11111111 
11111111 
11111111 
11111111 
11111111 
11111111 
11111111 
11111111 
11111111 
11111111 
11111111 
11111111 
11111111 
11111111 
11111111 
11111111 
00000000 
00000001 
00000100 
00100011 
00001010 
00000011 
00000111 
00000000 
00000000 
00011010 
00100011 
00000101 
00000011 
00010100 
00010110 
00010010 
00000000 
00000000 
00000000 
00000000 
00000000 
00000101 
00000100 
00010111 
00000101 
00000001 
00010100 
00000000 
00000000 
00000100 
00000101 
00000000 
00000111 
00000010 
00010001 
00001001 
00000000 
00000100 
00000000 
00000000 
00100011 
00000000 
00000010 
00100100 
00000000 
00000000 
00000011 
00000111 
00000000 
00010101 
00000000 
00000101 
00001100 
00000000 
00000010 
00000110 
00010101 
00000000 
00000011 
00000010 
00010011 
00000000 
00110100 
00000011 
00000111 
00000001 
00000000 
00000000 
00000000 
00000011 
00010101 
00000000 
00000000 
00000100 
00000000 
00011111 
00000100 
00000001 
00000011 
00000010 
00000011 
00010100 
00000000 
00000000 
00000000 
00010110 
00001101 
00000000 
00000000 
00000100 
00010011 
00000011 
00000000 
00000000 
00000000 
00010100 
00001011 
00000001 
00010101 
00010011 
00000000 
00000000 
00000100 
00000011 
00000111 
00000000 
00000000 
00000000 
00011101 
00000100 
00000000 
00010110 
00000000 
00010011 
00010101 
00000000 
00000000 
00000100 
00000110 
00000010 
00000011 
00010101 
00000000 
00000000 
00010101 
00000000 
00100111 
00000000 
11001101 
11000000 
00001111 
11100110 
11111111 
11001010 
10001010 
00001111 
11110110 
11111111 
11001001 
11001101 
11000101 
00001111 
11001001 
11000101 
11100110 
01111111 
11001101 
11010010 
00001111 
11000001 
11001001 
11111111 
11111111 
11111111 
11111111 
11111111 
11111111 
11111111 
11111111 
11111111 
11111111 
11111111 
11111111 
11111111 
11111111 
11111111 
11111111 
11111111 
11111111 
11111111 
11111111 
11111111 
11111111 
11111111 
11111111 
11111111 
11111111 
11111111 
11111111 
11111111 
11111111 
11111111 
11111111 
00111110 
00000011 
11010011 
00010000 
00111110 
00010101 
11010011 
00010000 
11001001 
11011011 
00010000 
11100110 
00000001 
11001001 
11001101 
11000000 
00001111 
11001010 
11000101 
00001111 
11011011 
00010001 
11100110 
01111111 
11000011 
11010010 
00001111 
01001111 
11011011 
00010000 
11100110 
00000010 
11001010 
11010011 
00001111 
01111001 
11010011 
00010001 
11001001 
11001101 
10110111 
00001111 
11001001 

+ Binary display completed.
++ Exit.
BUILD SUCCESSFUL (total time: 1 second)
